P3
# Ceci est un fichier .ppm
180
200
255
134
62
13
134
62
13
134
62
13
134
62
13
133
61
12
133
61
12
132
60
11
132
60
11
130
58
12
130
58
12
130
58
12
129
57
11
129
57
13
129
57
13
129
57
13
129
57
13
129
56
15
129
56
15
128
55
14
128
55
14
129
56
15
128
55
14
128
55
14
128
55
14
128
55
12
128
55
12
128
55
12
128
55
12
127
52
9
127
54
11
125
55
11
117
52
8
126
62
22
125
72
33
95
61
18
70
47
5
59
43
1
62
48
7
70
52
10
77
57
16
86
65
24
92
73
34
107
90
52
100
87
53
57
46
13
44
38
8
37
32
4
31
26
0
44
37
10
30
20
0
118
104
54
255
239
183
182
172
120
70
66
19
47
50
8
56
60
22
63
68
27
63
68
27
63
67
29
63
67
29
64
69
29
66
70
30
66
70
30
64
69
29
64
69
29
64
69
29
63
68
27
63
68
27
64
69
29
62
66
26
63
68
27
62
66
26
63
68
27
63
68
27
63
68
27
63
68
27
63
68
27
63
68
27
62
66
26
62
66
26
61
65
27
60
64
26
60
64
26
59
62
25
59
62
25
59
62
25
59
62
25
59
62
25
59
62
25
59
62
25
57
61
24
57
61
24
59
62
25
57
61
24
59
62
25
57
61
24
57
61
24
57
61
24
57
61
24
57
61
24
57
61
24
57
61
24
56
60
22
56
60
22
56
60
24
56
60
24
56
60
22
56
60
22
56
61
20
56
61
20
56
60
22
56
60
22
60
62
25
59
61
24
57
61
24
56
60
22
59
63
23
60
64
24
62
68
27
62
68
27
63
70
27
63
70
27
64
71
28
64
71
28
65
72
29
63
70
27
64
71
28
68
73
30
72
74
32
71
73
31
69
74
29
66
74
28
66
74
26
66
74
26
65
75
28
63
75
28
66
76
27
68
79
30
67
79
30
63
78
27
65
82
31
68
86
32
73
91
35
63
79
23
59
71
21
62
67
22
54
52
9
77
68
12
169
153
65
169
152
49
180
160
62
174
154
65
138
118
45
96
77
15
82
61
11
81
59
14
81
59
12
81
60
10
80
61
10
80
61
10
84
62
12
85
63
14
85
62
10
87
61
8
92
64
10
92
62
9
95
63
8
97
67
15
93
69
23
75
56
19
53
37
10
37
24
3
29
18
2
29
20
3
31
26
0
38
34
3
46
45
8
44
46
6
45
47
8
44
46
6
55
0
0
149
0
0
1729256836
1769464916
1838782780
-1879044821
-1879030784
-1879035648
139
62
13
140
62
13
139
62
13
139
62
13
139
61
12
138
61
12
138
61
11
137
61
11
137
61
13
137
61
12
137
60
12
137
60
12
137
59
13
137
59
13
137
59
14
135
59
14
134
62
13
134
62
13
134
62
13
134
62
13
133
61
12
133
61
12
132
60
11
132
60
11
132
59
13
130
58
12
130
58
12
130
58
12
129
57
13
129
57
13
130
58
14
130
58
14
130
57
16
130
57
16
129
56
15
129
56
15
129
56
15
129
56
15
129
56
15
128
55
14
128
55
12
128
55
12
128
55
12
127
54
11
128
55
12
128
55
12
126
56
12
125
57
14
118
54
12
113
56
16
118
75
32
110
78
34
81
55
14
65
44
3
68
47
7
76
56
15
74
53
12
69
50
11
77
63
27
70
57
23
48
37
7
47
38
9
44
37
10
43
36
7
35
27
0
119
108
64
249
235
182
198
186
134
77
72
21
52
50
5
56
57
18
62
66
28
63
68
27
63
68
27
63
68
27
63
68
27
63
68
27
64
69
29
64
69
29
63
68
27
63
68
27
63
68
27
62
66
26
62
66
26
63
68
27
62
66
26
63
68
27
62
66
26
63
68
27
63
68
27
63
68
27
63
68
27
63
68
27
63
68
27
62
66
26
61
65
25
60
64
26
59
62
25
59
62
25
59
62
25
59
62
25
59
62
25
59
62
25
59
62
25
59
62
25
59
62
25
57
61
24
57
61
24
59
62
25
57
61
24
59
62
25
57
61
24
57
61
24
57
61
24
57
61
24
57
61
24
57
61
24
57
61
24
56
60
22
56
60
22
57
61
26
57
61
26
59
62
25
59
62
25
60
64
24
60
64
24
60
64
26
60
64
26
63
64
27
63
64
27
61
65
27
61
65
27
63
68
27
64
69
29
64
71
30
65
72
31
65
72
29
65
72
29
65
72
29
64
71
28
65
72
29
65
72
29
66
73
30
66
73
30
68
73
30
68
73
30
68
73
28
66
74
28
66
74
28
65
75
26
65
75
28
63
75
28
67
77
30
66
78
28
63
78
27
61
79
27
65
83
29
73
91
35
70
89
32
62
77
22
61
72
23
61
66
21
50
46
2
94
86
27
177
161
75
182
164
68
176
157
68
126
105
26
89
68
2
81
61
4
81
60
10
79
57
10
82
61
13
81
62
11
81
62
11
81
62
11
85
63
14
85
62
10
83
60
6
88
62
10
93
65
13
94
66
16
92
63
16
79
55
11
62
41
3
46
29
0
37
23
0
28
18
0
30
22
0
38
32
9
46
41
13
47
45
12
48
47
11
44
46
6
43
45
5
43
45
5
102
0
0
98
0
0
1687707162
1964367990
1816893642
-1879045539
-1879024896
-1879035392
71
66
13
69
67
13
71
66
13
67
66
13
65
66
12
60
64
12
55
64
11
51
63
11
41
63
14
40
63
14
39
63
13
56
63
13
106
63
14
166
63
14
239
63
14
255
62
14
134
62
13
134
62
13
134
62
13
134
62
13
133
61
12
133
61
12
132
60
11
132
60
11
133
61
14
132
59
13
132
59
13
130
58
12
130
58
14
130
58
14
130
58
14
130
58
14
130
58
14
130
58
14
129
57
13
129
57
13
129
57
13
129
57
13
128
55
12
128
55
12
131
56
13
128
55
12
128
55
12
126
56
12
125
55
11
124
54
9
123
53
8
124
56
11
121
55
11
118
54
12
118
56
13
119
64
23
120
77
37
102
69
30
72
49
7
64
46
4
71
52
13
65
48
11
63
48
15
50
37
5
43
32
1
43
34
6
44
33
2
35
23
0
111
100
44
243
230
171
210
198
143
86
78
28
54
52
9
58
60
20
59
62
25
63
67
29
63
68
27
63
68
27
63
68
27
63
68
27
63
68
27
62
66
28
62
66
26
63
68
27
62
66
26
62
66
26
62
66
26
61
65
25
62
66
26
61
65
25
63
68
27
62
66
26
63
68
27
63
68
27
63
68
27
63
68
27
62
66
26
61
65
25
61
65
25
60
64
24
59
62
25
59
62
25
59
62
25
59
62
25
59
62
25
59
62
25
59
62
25
59
62
25
59
62
25
59
62
25
57
61
24
57
61
24
59
62
25
57
61
24
59
62
25
57
61
24
56
60
22
57
61
24
59
62
25
59
62
25
57
61
24
57
61
24
59
62
25
59
62
25
61
65
27
61
65
27
62
66
28
63
68
27
62
66
26
62
66
26
62
66
26
62
66
26
64
66
26
64
66
26
63
68
27
63
68
27
66
70
30
67
71
29
65
72
29
65
72
29
66
73
30
65
72
29
65
72
29
65
72
29
66
73
30
66
73
30
66
73
30
66
73
30
66
74
28
68
73
28
68
73
30
66
73
30
66
74
28
65
75
28
65
75
26
65
75
28
68
80
33
66
78
30
63
81
30
64
84
30
69
90
30
74
93
34
66
82
25
62
75
23
64
71
26
61
64
20
42
38
0
97
86
28
181
167
87
160
141
59
110
89
21
82
59
1
81
61
6
82
61
11
80
61
10
79
59
11
81
61
13
81
61
13
81
61
13
82
61
13
83
59
8
86
60
7
90
62
10
92
64
14
92
63
18
79
54
15
61
39
8
42
23
0
31
17
0
30
18
0
32
22
0
37
30
3
42
38
8
43
41
10
46
44
10
44
43
7
44
43
7
43
42
6
42
43
6
44
45
8
28
0
0
142
0
0
1713790136
1952313230
1678610608
-1879043299
-1879023872
-1879046400
136
55
73
135
55
71
135
55
69
135
51
68
134
53
70
134
53
71
134
49
72
134
45
71
134
41
72
134
39
71
133
39
71
133
39
69
133
38
71
133
56
71
132
111
70
132
201
71
134
62
13
134
62
13
134
62
13
134
62
13
133
61
12
133
61
12
132
60
11
132
60
11
133
61
14
133
61
14
132
59
13
132
59
13
130
58
14
130
58
14
130
58
14
130
58
14
130
58
14
130
58
14
129
57
13
129
57
13
129
57
13
128
55
12
128
55
12
127
54
11
130
55
12
128
55
12
128
55
12
126
56
12
126
56
12
126
56
12
124
54
9
125
55
11
123
55
9
126
58
15
125
55
13
119
52
11
115
57
17
117
71
32
107
72
32
86
61
22
66
44
8
57
38
3
64
46
15
56
40
14
43
29
2
48
34
5
33
19
0
108
93
46
242
228
164
231
219
155
104
94
42
49
45
0
59
61
20
59
62
25
59
62
25
63
67
29
63
68
27
63
68
27
63
68
27
63
68
27
63
68
27
61
65
25
61
65
25
63
68
27
62
66
26
62
66
26
61
65
25
61
65
25
62
66
26
61
65
25
63
68
27
63
68
27
62
66
26
62
66
26
62
66
26
62
66
26
61
65
25
61
65
25
60
64
24
60
64
24
59
62
25
59
62
25
59
62
25
59
62
25
59
62
25
59
62
25
59
62
25
59
62
25
59
62
25
59
62
25
57
61
24
57
61
24
59
62
25
57
61
24
59
62
25
57
61
24
56
60
22
56
60
22
59
62
25
60
64
26
59
62
25
59
62
25
60
64
26
60
64
26
61
65
27
62
66
26
63
68
27
64
69
29
64
69
29
64
69
29
64
69
29
64
69
29
65
67
27
66
68
29
64
69
29
66
70
30
66
70
28
67
71
29
63
70
27
64
71
28
66
73
30
66
73
30
66
73
30
66
73
30
65
72
29
68
75
31
68
75
31
65
72
29
65
73
27
66
74
28
68
73
30
68
75
31
66
76
29
66
76
29
66
76
27
64
77
27
64
77
29
65
80
30
64
84
30
67
87
30
75
96
34
72
91
30
66
79
24
64
73
27
60
64
24
49
49
8
43
37
0
133
122
66
147
131
64
90
69
1
78
55
0
81
60
10
82
61
13
82
61
13
75
56
5
79
59
9
80
60
12
80
60
12
81
59
12
83
59
12
84
59
8
88
62
12
93
66
18
83
56
13
64
40
3
49
27
0
32
15
0
27
15
0
29
19
0
36
28
6
40
36
8
44
39
9
43
42
8
41
40
4
39
41
4
39
41
4
42
41
5
43
42
6
44
45
8
46
48
11
27
0
0
137
0
0
1722833954
1982328164
1818597528
-1879042534
-1879020544
-1879035136
136
57
17
135
56
15
134
56
14
134
54
14
133
52
14
133
51
14
133
49
14
133
48
14
133
43
12
133
38
12
132
37
11
132
40
13
133
37
13
133
34
13
132
42
14
132
73
14
135
63
17
134
62
15
133
61
14
133
61
14
133
61
14
133
61
14
133
61
14
133
61
14
133
61
12
133
61
12
132
60
11
132
59
13
132
59
13
132
59
13
130
58
14
130
58
14
130
58
14
130
58
14
130
58
14
130
58
14
129
57
13
129
57
13
128
55
12
128
55
12
129
57
13
128
55
12
128
55
12
125
55
11
126
56
12
126
56
12
125
55
11
127
54
11
124
54
9
125
55
11
127
54
13
124
54
11
121
55
13
116
57
15
115
62
23
107
65
29
95
61
29
65
38
11
45
21
0
44
19
0
44
23
3
34
12
0
113
94
44
240
223
163
240
222
165
125
113
58
58
54
8
62
62
21
66
68
27
63
68
27
63
68
27
64
69
29
63
68
27
63
68
27
63
68
27
62
66
26
63
68
27
63
68
27
62
66
26
62
66
28
59
66
25
59
66
25
58
65
24
58
65
24
58
65
24
59
66
25
61
67
26
61
67
26
62
66
26
61
65
25
61
65
25
60
64
24
62
66
26
62
66
26
61
65
25
61
65
25
60
64
26
60
64
26
60
64
26
60
64
26
60
64
26
59
62
25
59
62
25
57
61
24
57
61
24
57
61
24
56
60
22
56
60
22
57
61
24
57
61
24
59
62
25
60
64
26
60
64
24
59
63
23
59
63
23
61
65
25
63
68
27
62
66
26
63
68
27
64
69
29
66
70
30
67
71
31
66
70
30
66
70
30
64
68
31
63
67
29
63
68
27
63
68
27
65
67
27
65
67
27
64
69
29
66
70
30
67
71
29
67
71
29
66
73
30
66
73
30
66
73
30
66
73
30
66
73
30
65
72
29
65
72
29
64
71
28
64
71
28
65
72
29
68
75
29
68
75
29
68
75
29
68
75
29
64
77
29
66
78
28
67
79
30
63
78
25
61
79
25
65
86
29
67
91
30
73
97
36
77
98
37
70
86
28
65
75
28
59
66
25
53
54
20
48
45
10
101
92
49
123
108
61
93
74
19
79
59
2
82
61
9
82
61
11
82
61
11
81
60
10
80
61
10
80
61
10
82
63
14
81
61
13
79
57
8
85
61
12
94
67
21
83
58
16
68
45
9
48
28
0
36
20
0
31
17
0
31
19
0
38
28
4
45
38
11
46
42
11
47
43
13
45
41
8
40
38
5
39
37
4
38
39
5
39
40
6
43
44
9
46
47
13
44
45
10
41
45
9
86
0
0
52
0
0
1637243656
1987439958
1813485734
-1879041198
-1879020800
-1879034880
140
62
15
137
62
15
136
62
15
135
62
15
139
61
14
141
61
14
140
60
14
141
60
12
140
61
12
140
61
12
140
59
11
140
59
11
139
58
13
139
58
13
139
58
15
138
58
15
134
62
15
134
62
15
134
62
15
134
62
15
133
61
14
133
61
14
133
61
14
133
61
12
133
61
12
133
61
12
132
60
11
132
60
11
132
59
13
132
59
13
132
59
15
132
59
15
132
59
15
130
58
14
130
58
14
130
58
14
130
58
14
129
57
13
129
57
13
128
55
12
129
57
13
128
55
12
128
55
12
127
54
11
125
55
11
125
55
11
124
54
9
126
53
9
128
56
10
128
56
10
126
53
9
128
55
12
132
59
13
128
61
15
127
64
22
124
66
29
119
73
38
102
66
37
68
38
14
54
26
3
39
14
0
107
84
44
244
221
163
251
234
169
156
142
87
69
61
14
67
65
22
66
68
29
63
68
25
64
69
27
64
69
29
63
68
27
64
69
29
63
68
27
63
67
29
63
68
27
63
68
27
63
68
27
62
66
26
62
66
28
59
66
25
59
66
25
58
65
24
58
65
24
59
66
25
59
66
25
59
66
25
61
67
26
61
65
25
61
65
25
61
65
25
61
65
25
61
65
25
61
65
25
60
64
24
60
64
24
59
62
25
59
62
25
59
62
25
59
62
25
57
61
24
57
61
24
57
61
24
57
61
24
59
62
25
59
62
25
59
62
25
59
62
25
57
61
24
59
62
25
60
64
26
60
64
24
62
66
26
62
66
26
63
68
27
63
68
27
67
71
31
66
70
30
66
70
30
67
71
29
67
71
29
67
71
29
66
70
30
64
69
29
64
68
31
64
68
31
64
69
29
64
69
29
65
67
27
65
67
27
64
69
29
66
70
30
67
71
29
67
71
29
66
73
30
68
75
31
68
75
31
66
73
30
66
73
30
66
73
30
66
73
30
65
72
29
66
73
30
66
74
28
69
77
28
69
77
28
68
79
30
72
82
33
66
81
31
66
84
30
67
85
31
65
86
29
65
86
29
67
91
30
72
96
33
75
99
37
72
90
32
63
76
24
61
68
24
54
57
22
37
36
4
71
65
33
99
87
48
75
60
15
80
64
12
81
62
11
81
62
11
80
60
12
81
61
13
80
60
12
80
60
12
80
60
12
80
60
12
77
58
10
86
64
19
85
62
20
70
46
9
52
30
0
40
22
0
36
22
0
28
18
0
34
26
3
39
34
8
46
41
13
47
43
13
45
41
8
44
39
9
42
38
8
35
33
2
33
34
2
37
38
4
40
41
7
44
45
10
42
46
10
38
41
6
37
40
7
92
0
0
62
0
0
1697144714
1763828834
1824626804
-1879047584
-1879030528
-1879034624
141
65
16
142
64
15
140
64
13
140
64
13
139
62
12
140
62
12
141
62
12
141
62
12
139
62
12
139
62
12
139
61
11
139
61
11
139
61
14
139
61
14
139
59
13
139
59
13
136
64
16
135
63
15
134
62
13
134
62
13
133
61
12
133
61
12
133
61
12
133
61
12
133
61
12
133
61
12
132
60
11
132
60
11
133
61
14
133
61
14
132
59
13
132
59
13
132
59
13
132
59
13
132
59
13
130
58
12
130
58
12
130
58
12
129
57
11
129
57
11
128
58
11
128
56
10
128
56
10
127
55
8
126
57
10
126
57
10
125
56
8
127
55
8
126
54
7
128
54
6
137
62
15
140
66
18
142
69
18
143
72
21
144
75
25
145
77
31
134
72
32
120
69
32
96
61
27
58
29
0
118
94
43
241
219
158
251
233
166
183
168
105
80
78
24
64
65
19
64
66
24
65
67
27
64
69
27
66
70
28
67
69
28
66
68
27
66
70
30
64
69
29
64
69
29
63
68
27
63
68
27
63
68
27
62
66
26
62
66
26
61
67
26
61
67
26
59
66
25
59
66
25
59
66
25
59
66
25
59
66
25
59
66
25
61
65
25
61
65
25
61
65
25
61
65
25
61
65
25
61
65
25
60
64
24
60
64
24
59
62
25
59
62
25
59
62
25
59
62
25
59
62
25
59
62
25
59
62
25
59
62
25
59
63
23
59
63
23
59
63
23
60
64
24
61
65
25
62
66
26
62
66
26
63
68
25
66
70
28
67
71
29
67
71
29
67
71
29
68
73
30
67
71
29
66
70
28
67
72
27
67
72
27
66
70
28
64
69
27
64
69
29
64
69
29
64
69
29
64
69
29
64
69
27
66
68
27
66
68
27
66
70
28
67
71
29
68
73
30
69
74
29
68
75
29
68
75
29
69
76
30
68
75
29
68
75
29
66
74
28
66
74
28
68
75
29
69
76
30
69
77
28
71
79
31
72
82
31
70
83
31
66
82
29
63
81
27
65
86
29
68
92
34
69
95
36
72
97
36
72
96
33
74
98
35
72
93
34
66
82
29
59
69
22
51
55
15
39
40
6
45
41
10
56
48
14
63
49
11
82
64
20
80
63
14
76
59
8
77
60
11
78
61
14
77
59
13
82
62
16
81
61
15
79
57
12
80
58
11
84
61
18
79
55
20
58
35
4
43
24
0
35
21
0
32
22
0
29
22
0
38
33
7
42
40
11
46
44
13
44
43
9
43
41
10
42
40
9
40
38
9
39
36
8
34
32
3
33
34
4
35
38
6
39
42
7
39
42
9
36
42
8
31
37
3
33
38
4
97
0
0
103
0
0
1634622448
1798300284
1827903490
-1879042215
-1879027712
-1879034368
141
214
14
141
195
13
140
169
13
139
132
13
140
91
11
140
72
11
139
65
11
139
63
11
139
67
13
139
69
13
139
70
12
139
68
12
139
69
14
139
67
14
139
67
13
138
64
13
136
65
14
135
64
13
135
64
13
135
64
13
134
62
11
134
62
11
134
62
11
134
62
11
134
62
13
134
62
13
133
61
12
133
61
12
133
61
14
133
61
14
132
59
13
132
59
13
132
60
11
132
60
11
132
60
11
132
60
11
130
59
10
130
59
10
130
59
10
129
57
9
130
58
12
128
56
10
130
55
10
128
54
8
127
55
8
127
55
8
127
55
8
126
54
5
132
58
10
137
63
13
143
67
17
146
70
21
146
71
19
151
75
23
155
79
25
156
85
32
162
96
43
154
98
49
140
103
54
175
150
97
251
229
166
255
236
169
193
179
113
102
94
35
70
71
23
56
61
18
60
64
24
67
69
30
66
70
28
64
69
27
66
68
27
67
69
28
66
70
30
66
70
30
64
69
29
64
69
29
63
68
27
63
68
27
62
66
26
62
66
26
61
67
26
61
67
26
61
67
26
59
66
25
61
67
26
59
66
25
59
66
25
58
65
24
60
64
24
61
65
25
61
65
25
62
66
26
62
66
26
62
66
26
61
65
25
61
65
25
60
64
24
60
64
26
60
64
26
60
64
26
59
62
25
60
64
26
61
65
27
61
65
25
62
67
24
62
67
24
63
68
25
64
69
27
66
70
28
66
70
28
67
71
29
67
71
29
67
72
27
69
74
29
69
74
29
69
74
29
69
74
29
67
72
27
66
71
26
66
71
26
66
71
26
66
71
26
64
69
27
64
69
27
66
70
28
66
70
28
66
70
28
66
70
28
67
71
29
67
71
29
68
73
30
69
74
31
70
75
30
69
76
30
69
76
30
69
76
30
69
77
28
69
77
28
68
75
27
68
75
27
68
75
27
69
80
31
71
81
32
69
80
29
71
81
30
69
82
28
67
85
29
67
87
30
70
93
35
72
95
37
72
97
38
72
97
36
74
98
37
74
95
35
75
94
35
66
82
29
58
68
21
52
56
16
40
41
7
40
36
4
46
40
8
56
43
9
73
57
17
77
59
15
78
61
12
79
62
13
77
60
11
77
59
13
80
63
18
79
58
15
79
58
15
81
58
18
84
64
23
68
47
11
44
21
0
42
23
0
31
19
0
30
22
0
36
30
7
42
40
13
43
43
13
42
42
10
40
41
9
39
40
8
36
36
4
35
35
5
33
33
6
33
33
6
31
31
4
30
32
2
30
36
2
33
38
4
33
38
4
33
38
6
30
35
4
35
38
10
58
0
0
57
0
0
1725193286
1775494192
1823311824
-1879043017
-1879030272
-1879034112
71
51
13
69
51
14
70
54
14
70
52
14
58
50
13
47
49
13
40
42
13
53
34
11
93
35
11
141
42
11
182
81
11
251
149
11
254
224
11
202
247
10
142
220
10
120
136
12
138
64
16
138
64
16
138
64
16
135
61
13
137
62
15
135
61
13
135
61
13
135
61
13
134
60
12
134
60
12
134
60
12
134
60
12
134
60
12
134
60
12
134
60
12
134
60
12
134
60
14
133
59
13
133
59
13
133
59
13
133
59
13
133
59
13
132
57
12
132
57
12
131
56
11
132
57
12
131
56
11
130
55
10
132
58
10
130
55
8
130
55
8
132
58
10
138
64
14
140
67
14
143
67
15
144
68
16
144
68
16
151
74
20
153
75
19
152
80
20
142
80
14
158
108
39
228
196
127
255
240
172
252
234
167
210
195
134
112
106
49
75
74
24
66
69
25
63
68
27
63
68
27
67
71
31
68
72
32
68
72
32
68
72
32
68
72
32
67
71
31
67
71
31
66
70
28
66
70
28
66
70
28
66
70
28
66
70
28
66
70
28
63
68
27
62
66
26
62
67
24
62
67
24
62
69
25
62
69
25
62
69
25
62
69
25
62
68
27
62
68
27
61
68
24
61
68
24
62
69
25
62
69
25
61
68
24
61
68
24
61
68
24
61
67
26
61
67
26
61
67
26
62
68
27
61
67
26
62
68
27
64
71
28
64
71
28
65
73
27
66
74
28
66
74
28
66
74
28
66
74
28
68
75
29
69
76
30
69
76
30
69
76
30
68
75
29
66
74
28
65
73
27
65
73
27
64
71
26
64
71
26
65
72
29
64
71
28
66
70
28
64
69
27
64
69
27
66
71
26
65
73
27
65
73
27
66
74
28
68
75
29
69
76
30
69
76
30
69
76
30
66
76
27
66
76
27
67
77
28
68
79
30
67
77
28
70
78
30
69
77
28
69
80
29
68
81
29
67
83
30
67
83
28
69
88
29
68
89
29
67
93
32
68
96
34
68
96
34
70
98
36
72
97
36
73
97
36
76
97
37
74
90
35
70
83
31
60
70
23
51
54
17
44
45
13
40
35
10
44
37
10
51
38
6
66
49
12
79
61
19
81
61
15
81
61
13
80
60
12
82
63
14
83
64
16
80
60
14
79
58
15
82
61
21
76
55
19
58
38
6
42
23
0
41
24
3
34
22
0
35
28
1
41
39
10
44
42
13
42
42
12
40
41
11
34
37
6
32
34
6
31
33
5
31
31
4
30
30
3
30
32
4
31
33
3
31
33
3
31
37
5
33
38
6
31
37
5
33
35
7
38
40
14
42
44
19
46
45
23
110
0
0
88
0
0
1646942348
1803412142
1871152950
-1879037581
-1879027968
-1879032832
135
64
15
137
63
16
138
62
15
137
62
15
137
61
15
137
61
14
135
61
14
135
61
13
134
61
11
134
61
11
134
60
11
134
60
11
134
61
11
134
61
11
134
59
11
134
59
10
135
61
13
137
62
15
138
64
16
137
62
15
137
62
15
137
62
15
135
61
13
135
61
13
134
60
12
134
60
12
134
60
12
134
60
12
134
60
12
134
60
12
134
60
12
134
60
12
134
60
14
134
60
14
134
60
14
133
59
13
133
59
13
133
59
13
133
59
13
133
59
13
132
57
12
132
57
12
132
57
12
131
56
11
131
57
9
131
57
9
133
59
11
134
60
10
140
67
14
140
67
14
144
68
16
148
72
18
150
72
19
152
77
21
138
66
4
137
72
5
174
122
49
245
205
130
255
240
164
247
232
160
202
187
123
119
110
54
76
75
25
70
72
28
67
71
29
68
72
32
66
70
30
67
71
31
68
72
32
68
72
32
68
72
32
68
72
32
68
72
32
68
72
32
67
71
29
67
71
29
67
71
29
67
71
29
67
72
27
67
71
29
66
70
30
64
69
29
64
69
27
63
68
25
63
70
27
63
70
27
63
70
27
63
70
27
63
70
27
63
70
27
63
70
27
62
69
25
61
68
24
62
69
25
63
70
25
64
71
26
63
70
25
64
71
26
65
73
27
65
73
27
69
76
30
68
75
29
69
76
30
70
77
32
68
75
29
69
76
30
69
76
30
69
76
30
69
76
30
69
76
30
69
76
30
69
76
30
68
75
29
66
74
28
66
74
28
66
74
28
65
73
27
65
75
28
62
72
26
62
72
26
64
71
28
64
71
28
66
70
28
66
70
28
66
71
26
67
72
27
65
73
27
65
73
27
66
74
28
68
75
29
69
76
30
69
76
30
67
77
28
66
76
27
66
76
27
67
77
28
69
80
31
69
80
31
69
80
31
69
80
29
69
82
30
67
83
28
67
86
27
67
88
28
70
93
31
69
95
32
72
101
37
71
102
37
68
99
34
71
100
35
72
98
34
74
95
35
72
88
32
67
79
30
62
69
23
53
57
17
45
46
12
40
38
9
45
37
15
43
34
8
56
41
8
72
56
16
80
63
18
82
63
14
84
62
14
80
60
12
81
61
13
79
59
13
76
56
13
81
60
21
74
52
16
51
31
0
40
22
0
38
24
1
39
27
6
38
31
8
42
40
11
44
45
13
38
38
9
34
37
6
30
32
2
28
31
3
28
30
5
26
28
2
28
27
2
28
31
3
32
34
6
33
38
6
34
39
8
34
36
8
33
35
7
38
40
14
44
45
22
45
44
24
33
32
14
25
20
6
57
0
0
13
0
0
1658345562
2009984542
1866172250
-1879037389
-1879021824
-1879033344
33
68
15
34
68
16
34
66
15
34
65
15
36
68
15
34
66
14
34
67
14
34
68
13
32
67
11
31
67
11
29
67
11
29
67
11
27
67
13
28
66
13
32
66
13
42
66
11
137
63
13
138
64
14
138
64
14
138
64
14
137
63
13
137
63
13
137
63
13
135
62
11
135
62
11
135
62
11
135
62
11
135
62
11
135
62
11
134
60
10
134
60
10
134
60
12
134
60
12
134
60
12
134
60
12
134
60
12
134
60
12
133
59
11
133
59
11
133
59
11
133
59
13
134
60
14
134
60
12
132
58
10
132
58
10
134
60
12
137
63
13
138
64
14
139
66
13
144
70
18
146
73
18
148
73
16
151
74
18
146
74
12
160
103
31
225
180
104
255
220
146
255
232
161
221
204
139
146
135
77
90
83
29
69
68
18
70
76
28
65
72
29
68
72
32
69
73
33
66
70
30
67
71
31
68
72
32
68
72
32
68
72
32
68
72
32
68
72
32
68
72
32
68
73
30
68
73
30
68
73
30
68
73
30
68
73
28
68
73
30
67
71
31
66
70
30
67
71
31
66
70
30
65
72
31
65
72
31
65
72
29
65
72
29
65
72
29
65
73
27
66
74
28
66
74
28
65
73
27
66
74
28
68
75
29
69
77
28
69
77
28
69
77
28
69
77
28
69
77
28
70
78
30
70
78
30
69
77
28
69
77
28
70
78
30
69
77
28
69
77
28
69
77
28
70
78
30
70
78
30
69
77
28
68
75
27
68
73
26
68
73
26
66
71
24
66
71
24
64
72
24
66
74
26
65
73
25
65
73
27
65
73
27
65
73
27
65
73
27
66
74
28
68
75
29
68
73
26
68
73
26
68
73
26
69
75
27
70
76
28
70
78
30
70
78
30
69
77
28
69
77
28
68
78
32
69
80
31
68
81
29
70
83
31
69
82
30
69
84
31
70
89
32
70
91
32
71
95
32
70
97
31
73
99
33
72
101
35
75
103
39
71
100
35
69
97
35
69
95
34
69
90
30
68
86
30
68
80
31
63
70
27
53
57
19
44
45
10
36
36
6
40
35
10
42
34
10
48
37
9
64
52
15
74
58
16
78
61
14
81
62
11
80
61
8
79
59
9
78
60
18
77
58
19
80
61
25
68
48
14
42
23
0
36
20
0
40
25
3
39
29
7
43
36
11
42
40
13
39
40
10
33
36
5
31
33
5
26
30
1
24
29
0
24
29
2
26
30
3
26
28
2
28
31
3
32
34
6
34
36
8
37
39
11
37
39
11
40
40
15
44
43
21
42
40
20
31
29
14
19
13
4
11
5
0
10
2
0
190
0
0
159
0
0
1670404354
1754391282
1868531710
-1879038279
-1879028480
-1879033856
67
57
16
67
53
16
70
56
15
68
52
14
62
47
14
59
47
13
53
46
13
42
46
13
39
43
11
43
41
11
80
39
11
149
38
11
227
38
11
255
37
11
250
43
11
180
43
10
140
66
16
140
66
16
139
65
15
138
64
14
138
64
14
137
63
13
137
63
13
137
63
13
135
62
11
135
62
11
135
62
11
135
62
11
135
62
11
135
62
11
135
62
11
134
60
10
134
60
12
134
60
12
134
60
12
134
60
12
134
60
12
134
60
12
134
60
12
133
59
11
133
59
11
134
60
12
134
60
12
133
59
11
137
62
15
139
65
15
140
66
16
140
67
14
140
67
14
141
68
13
145
72
15
150
75
18
154
77
19
142
75
11
219
175
99
255
235
157
252
230
158
202
187
123
99
89
36
62
56
8
62
63
15
61
64
18
62
69
23
66
73
30
67
71
31
68
72
32
66
70
30
67
71
31
68
72
32
68
72
32
68
72
32
68
72
32
68
72
32
68
72
32
68
73
30
68
73
30
68
73
30
68
73
30
68
73
28
68
73
30
67
71
31
67
71
31
68
72
32
67
71
31
66
73
32
66
73
32
66
73
30
66
73
30
66
74
28
66
74
28
68
75
29
69
76
30
69
76
30
69
77
28
70
78
30
71
79
31
73
82
31
72
80
30
70
78
27
69
77
26
72
80
30
72
80
30
71
79
29
70
78
27
71
79
29
70
78
27
70
78
27
69
77
26
69
77
26
69
77
26
68
76
25
65
73
23
66
71
24
66
71
24
67
72
25
67
72
25
64
72
24
66
74
26
66
74
26
65
73
25
66
74
28
68
75
29
68
75
29
69
76
30
70
78
30
69
77
28
70
76
28
69
75
27
70
76
28
70
78
30
71
79
31
69
80
29
68
79
27
67
78
26
68
80
31
70
83
31
70
86
30
70
89
30
69
88
29
70
91
32
74
98
35
75
99
37
76
103
37
76
105
36
72
102
33
73
102
36
73
102
38
70
96
35
67
90
32
67
87
30
65
81
27
63
76
26
63
70
27
55
59
21
42
42
10
36
34
5
34
31
5
38
32
9
42
34
10
52
41
13
66
54
17
77
61
18
78
61
14
80
64
12
80
61
10
78
61
14
75
59
21
70
55
24
55
40
8
40
24
0
36
22
0
37
25
1
40
30
8
39
34
10
34
31
5
29
29
1
26
28
0
22
27
0
24
29
2
24
29
2
26
30
3
24
29
2
26
30
3
27
31
3
33
35
7
35
38
10
35
37
12
39
39
14
43
42
19
40
36
17
28
24
7
19
12
1
9
1
0
10
2
0
13
5
0
13
5
1
123
0
0
92
0
0
1661360536
1746658120
1862895500
-1879039113
-1879029248
-1879033600
51
54
13
47
69
15
50
79
16
50
121
15
49
165
15
70
190
15
117
220
13
161
197
13
202
161
12
214
118
12
219
83
12
194
62
12
142
61
12
131
69
12
135
67
12
141
64
12
139
65
15
140
66
16
139
65
15
139
65
15
139
65
15
138
64
14
138
64
14
137
63
13
135
62
11
135
62
11
135
62
11
135
62
11
137
63
13
137
63
13
137
63
13
135
62
11
134
60
12
134
60
12
134
60
12
134
60
12
135
61
13
135
61
13
135
61
13
135
61
13
135
61
13
134
60
10
133
59
9
135
62
11
140
66
16
139
66
13
139
66
13
140
67
12
141
70
14
140
67
12
142
70
12
146
72
13
147
74
17
171
110
46
255
220
149
251
229
156
187
174
113
86
81
28
62
60
16
66
68
27
61
66
23
61
66
23
64
71
26
66
73
30
67
71
31
67
71
31
68
72
32
68
72
32
68
72
32
68
72
32
68
72
32
68
72
32
68
72
32
68
72
32
68
73
30
68
73
30
68
73
30
67
71
29
67
72
27
66
70
28
66
70
30
66
70
30
67
71
31
68
72
32
66
73
30
66
73
30
66
73
30
66
73
30
68
75
29
69
77
28
69
77
28
69
77
28
71
79
31
71
79
29
71
79
29
71
79
29
72
80
30
73
82
29
73
82
29
72
81
28
75
83
30
75
83
30
73
82
29
73
82
29
73
82
31
72
80
30
72
80
30
71
79
29
69
77
26
69
77
26
69
77
26
69
77
26
70
76
28
69
75
27
69
75
27
69
75
27
69
77
28
69
77
28
69
77
28
69
77
28
67
77
28
67
77
28
67
77
28
67
77
28
68
79
30
71
79
31
74
80
30
74
80
30
72
80
30
69
80
29
71
81
30
69
82
28
69
84
29
69
84
29
70
89
30
73
91
33
72
94
32
72
96
31
73
99
33
72
102
33
77
106
37
77
106
37
77
106
39
77
106
39
72
101
35
71
100
35
68
94
33
67
87
30
66
82
29
64
77
27
65
73
27
63
68
27
54
55
21
46
43
15
34
31
5
32
27
3
34
29
8
34
29
8
41
33
10
50
38
12
61
47
15
77
60
22
82
64
20
79
62
15
76
58
12
76
57
18
67
51
22
45
31
6
34
22
0
36
23
0
35
25
1
35
27
3
33
28
3
30
27
3
29
28
5
27
29
5
26
30
5
26
30
5
27
31
7
23
27
3
23
28
1
26
30
3
30
35
6
35
40
9
34
37
6
37
39
11
40
40
17
37
34
14
27
22
8
17
9
0
12
4
0
13
2
0
16
5
2
16
6
0
16
6
0
18
8
0
114
0
0
93
0
0
1643666298
1784144308
1876264808
-1879041423
-1879026688
-1879033088
135
67
16
134
68
16
133
66
16
133
66
13
133
66
15
133
66
13
133
66
13
133
66
13
133
65
12
133
65
12
132
65
12
132
65
12
132
65
12
132
65
12
130
64
12
130
64
12
139
65
15
140
66
16
139
65
15
139
65
15
139
65
15
138
64
14
138
64
14
137
63
13
135
62
11
135
62
11
135
62
11
135
62
11
135
62
11
135
62
11
135
62
11
134
60
10
135
61
13
134
60
12
134
60
12
134
60
12
135
61
13
135
61
13
135
61
13
135
61
13
134
60
10
133
59
9
134
61
8
138
64
12
139
66
13
140
67
14
140
67
12
139
66
11
140
69
13
139
66
11
138
63
7
144
71
12
142
77
15
226
173
109
255
240
170
214
200
132
83
78
23
58
59
13
66
70
30
65
71
33
65
72
31
66
70
28
67
71
29
68
73
30
67
71
31
67
71
31
68
72
32
68
72
32
68
72
32
68
72
32
68
72
32
68
72
32
68
72
32
68
72
32
68
73
30
68
73
30
67
71
29
67
71
29
67
72
27
67
72
27
68
73
30
67
71
31
67
71
31
67
71
29
66
73
30
66
73
30
66
73
30
66
74
28
69
77
28
69
77
28
70
78
30
70
78
27
71
79
29
71
79
29
71
79
29
71
79
29
72
81
28
73
82
29
73
82
29
72
81
28
75
83
30
75
83
30
73
82
29
73
82
29
72
80
30
71
79
29
70
78
27
69
77
26
69
77
26
69
77
26
69
77
26
69
77
26
70
76
28
70
76
28
70
76
28
69
75
27
69
77
28
69
77
28
69
77
28
69
77
28
69
80
31
69
80
31
69
80
31
69
80
31
72
82
33
71
81
30
73
82
31
73
82
31
72
83
29
70
84
29
69
85
27
68
87
28
69
90
28
74
95
33
72
96
33
73
99
33
75
102
36
75
104
35
75
107
37
75
108
35
74
106
36
75
104
37
73
102
38
74
100
39
69
95
34
68
92
34
65
86
31
61
79
27
64
77
29
65
72
31
62
66
28
53
54
20
42
40
11
39
36
12
34
29
8
32
26
7
33
27
9
36
29
11
37
29
9
45
35
11
54
40
13
68
53
19
79
63
23
79
63
21
78
61
23
68
53
21
44
30
7
30
17
0
31
20
0
32
25
2
34
29
6
32
29
5
29
28
3
25
27
1
25
26
3
27
28
7
27
30
9
21
26
4
22
26
4
24
28
4
28
32
6
30
35
8
34
38
10
37
39
11
39
41
15
36
35
12
28
24
7
18
11
0
11
3
0
14
3
0
18
8
4
16
5
2
18
5
0
20
7
2
21
11
3
24
14
6
205
0
0
178
0
0
1654937654
1781784848
1873905348
-1879036695
-1879026176
-1879032576
41
66
13
41
67
14
41
66
13
40
65
13
41
67
13
41
66
12
41
66
12
38
65
11
36
65
11
32
65
11
29
65
11
28
65
11
26
65
11
26
64
11
27
64
11
30
64
11
139
66
13
140
67
14
139
66
13
139
66
13
139
66
13
138
64
12
138
64
12
137
63
11
137
63
11
137
63
11
137
63
11
137
63
11
137
63
11
137
63
11
137
63
11
135
62
11
135
62
11
135
62
11
134
60
10
134
60
10
135
62
11
135
62
11
135
62
11
135
62
11
133
59
9
134
61
8
137
63
11
140
67
14
139
66
13
140
67
14
140
67
12
139
66
11
140
69
15
140
67
12
143
68
11
137
70
8
165
110
42
255
216
145
254
232
162
140
130
67
62
61
12
60
64
24
64
69
29
66
70
30
67
71
31
67
69
28
66
68
27
67
69
28
66
70
30
66
70
30
67
71
31
68
72
32
68
72
32
68
72
32
68
72
32
68
72
32
67
71
31
67
71
31
67
71
29
67
71
29
68
73
30
68
73
30
68
73
28
68
73
28
70
75
32
69
74
31
69
74
31
68
73
28
68
75
29
68
75
29
68
75
29
68
75
27
68
75
27
70
78
27
71
79
29
71
80
27
72
81
28
72
81
28
72
81
28
72
81
28
72
81
28
73
82
27
73
82
27
72
81
26
73
82
27
73
82
27
72
81
26
72
81
28
71
79
29
71
79
29
70
78
27
69
77
26
69
77
26
69
77
26
69
77
26
69
77
26
70
78
27
69
77
26
69
77
26
69
77
26
70
78
27
68
79
27
68
79
27
68
79
27
71
81
30
69
82
30
71
81
30
71
81
30
71
84
32
73
86
31
73
86
31
74
87
32
73
90
30
72
91
28
72
94
30
72
96
31
75
102
36
77
104
38
79
109
40
78
109
40
75
108
35
75
108
35
74
108
37
75
107
37
73
102
36
72
97
36
70
93
35
68
88
33
62
80
28
60
75
25
62
76
28
63
75
30
65
72
31
57
61
26
49
49
17
39
40
10
35
32
8
35
32
10
33
27
9
31
25
6
34
28
12
32
25
9
29
20
3
34
23
4
40
30
6
48
37
9
70
58
21
77
63
27
63
49
20
39
27
4
26
15
0
28
20
0
29
24
0
30
27
3
30
29
7
27
28
7
24
25
2
26
28
4
27
28
7
25
26
5
23
27
3
22
26
2
24
28
4
31
36
9
32
34
8
37
38
13
39
41
15
37
38
17
29
27
11
20
15
5
13
5
0
17
7
1
20
9
6
17
6
3
17
7
1
18
8
0
22
10
1
24
11
2
23
13
3
24
15
4
71
0
0
76
0
0
1740660050
1976033284
1852016274
-1879044537
-1879024640
-1879032320
139
63
13
140
65
14
139
69
13
139
68
13
139
68
13
138
69
12
138
69
12
137
67
11
139
67
13
139
67
13
139
67
13
139
67
13
138
66
12
138
66
12
138
66
12
137
66
11
139
66
13
140
67
14
139
66
13
139
66
13
139
66
13
138
64
12
138
64
12
137
63
11
139
66
13
139
66
13
139
66
13
139
66
13
138
64
12
138
64
12
138
64
12
137
63
11
135
62
11
135
62
11
135
62
11
134
60
10
135
62
11
135
62
11
135
62
11
135
62
11
134
61
8
135
62
9
137
63
11
139
66
13
138
64
12
141
68
15
141
68
13
138
65
10
140
69
15
138
65
10
138
65
8
137
71
9
183
138
67
255
232
157
230
214
144
97
91
32
63
64
18
59
62
25
64
69
29
68
72
32
68
71
29
68
71
29
66
68
27
68
71
29
66
70
30
66
70
30
67
71
31
67
71
31
68
72
32
68
72
32
68
72
32
68
72
32
67
71
31
67
71
31
67
71
29
67
71
29
67
71
29
68
73
30
69
74
29
69
74
29
70
75
32
70
75
32
71
76
32
71
76
32
70
77
32
70
77
32
70
78
30
70
78
30
69
77
26
70
78
27
72
81
28
72
81
28
72
81
28
72
81
28
72
81
28
72
81
28
72
81
28
73
82
29
73
82
29
72
81
28
71
80
27
71
80
27
71
80
27
70
78
25
70
78
27
71
79
29
71
79
29
72
80
30
71
79
29
71
79
29
71
79
29
71
79
29
73
82
31
71
81
30
71
81
30
69
80
29
71
81
30
69
82
30
69
82
30
69
82
30
70
84
29
70
84
29
70
84
29
70
84
29
70
86
30
72
88
30
73
91
33
74
95
33
75
100
35
77
101
34
77
104
36
77
107
35
80
110
39
78
110
38
76
111
38
76
111
38
75
108
35
75
108
35
74
106
36
73
102
38
70
93
33
67
87
32
61
79
27
60
72
25
59
68
24
58
67
25
63
69
31
58
64
28
52
55
22
44
44
15
36
34
7
33
30
6
32
28
9
34
28
12
35
26
11
37
28
13
33
27
11
26
19
6
23
14
1
22
13
0
28
18
0
38
28
4
65
54
23
60
49
19
33
23
0
26
15
0
25
19
0
30
24
3
33
30
4
30
29
5
26
27
6
24
24
6
23
27
5
24
28
6
27
28
7
27
29
5
23
27
3
28
32
6
29
33
7
34
36
12
39
40
17
40
39
19
31
30
10
16
14
0
12
6
0
13
5
1
16
5
4
18
7
6
18
4
2
18
5
0
16
6
0
18
8
0
26
14
4
27
15
3
25
16
5
23
13
3
44
0
0
7
0
0
1744723296
1856759032
1847428768
-1879044307
-1879031296
-1879032064
71
68
11
70
65
12
70
67
11
68
67
10
67
67
12
63
74
11
59
78
13
56
76
12
49
76
15
41
71
15
43
62
15
46
52
15
41
46
15
38
39
14
45
39
14
74
37
14
139
66
11
140
67
12
139
66
11
138
65
10
140
67
12
139
66
11
137
66
13
136
65
12
139
65
15
139
65
15
139
65
15
139
65
15
139
65
15
138
64
14
138
64
14
138
64
14
138
64
14
137
63
13
134
60
10
134
60
10
137
63
13
137
63
13
135
62
11
135
62
11
135
62
11
137
63
13
138
64
12
139
66
13
139
66
13
139
66
13
139
66
13
139
66
13
140
67
14
139
66
11
139
66
9
131
71
7
202
166
94
255
243
167
225
218
147
89
88
29
62
60
16
61
60
22
64
66
26
67
71
29
70
72
30
68
71
29
67
69
28
64
69
27
66
70
28
65
72
29
65
72
29
63
70
27
66
73
30
64
71
28
65
72
29
66
73
30
68
73
30
68
73
30
65
72
29
65
73
27
66
74
28
66
74
28
66
74
28
66
74
28
66
74
28
66
74
28
68
75
29
68
75
27
70
78
30
68
75
27
66
74
26
68
76
25
68
79
27
68
79
27
68
79
27
68
79
27
72
82
31
72
82
31
72
82
31
73
82
31
71
79
29
73
78
29
70
78
27
69
77
26
70
78
27
70
78
27
70
78
27
70
78
27
70
78
30
70
78
30
69
80
31
69
80
31
69
80
29
69
80
29
71
82
28
71
82
28
72
82
31
70
83
31
71
84
32
73
86
33
71
84
32
69
84
31
69
84
31
70
86
30
70
86
28
70
86
28
70
86
28
68
87
28
71
93
31
74
95
33
73
97
34
75
102
36
77
106
37
77
107
35
76
109
36
78
110
36
76
111
36
75
110
34
75
110
34
74
106
34
75
104
35
75
102
36
70
93
31
69
90
32
64
79
26
60
72
25
59
68
24
59
66
25
62
66
28
59
62
27
54
55
23
44
44
15
40
37
11
34
29
6
31
25
4
32
26
7
31
24
8
33
26
13
37
28
15
36
27
14
25
16
3
21
11
1
22
10
1
26
14
2
28
17
0
32
22
0
52
46
16
44
38
8
28
20
0
26
20
0
30
24
3
35
32
8
32
29
5
28
27
2
26
27
6
24
28
8
23
26
7
24
28
6
27
30
9
27
31
7
30
35
8
35
39
13
38
40
14
42
40
20
35
31
14
22
18
3
13
6
0
12
5
0
18
8
4
17
6
5
19
6
3
19
6
3
17
6
3
16
6
0
18
8
0
23
13
5
27
17
7
25
16
5
24
15
4
25
16
5
55
0
0
57
0
0
1681678014
1793974590
1859094094
-1879046089
-1879025920
-1879031808
69
48
7
68
44
7
70
44
11
72
44
10
72
46
13
79
69
14
81
115
16
79
158
14
77
194
12
72
196
12
65
188
12
55
150
12
52
88
11
45
70
11
42
69
11
41
70
13
140
67
12
140
68
10
139
66
9
139
66
11
139
66
11
139
66
11
137
66
13
137
66
13
139
65
15
139
65
15
139
65
15
139
65
15
139
65
15
139
65
15
138
64
14
138
64
14
138
64
14
138
64
14
137
63
13
135
62
11
137
63
13
137
63
13
135
62
11
135
62
11
135
62
11
137
63
13
138
64
12
139
66
13
140
67
14
140
67
14
140
67
14
140
67
14
141
68
15
138
64
12
134
62
4
136
79
14
226
195
121
255
247
172
215
212
144
77
78
21
69
67
25
68
67
29
68
70
31
67
69
28
65
67
25
65
67
25
67
69
28
68
73
30
65
72
29
65
72
29
66
73
30
66
74
28
66
74
28
65
73
27
65
74
30
65
74
30
66
74
28
66
74
28
65
73
27
65
73
27
66
74
28
66
74
28
66
74
26
66
74
26
68
75
29
68
75
29
69
77
28
69
77
28
69
77
28
69
77
28
68
76
25
69
77
26
66
77
25
67
78
26
68
79
27
68
79
27
69
80
29
69
80
29
69
80
29
69
80
29
70
78
27
70
78
27
70
78
27
71
79
29
70
78
27
70
78
25
70
78
25
70
78
27
71
79
31
69
80
31
71
81
30
69
82
30
70
84
29
70
84
29
70
84
29
69
85
27
69
84
29
70
86
30
69
88
31
69
88
31
69
88
31
69
88
31
70
89
32
71
92
33
71
93
31
72
94
30
75
97
32
76
98
33
74
99
31
74
101
33
73
103
34
73
103
34
78
108
36
78
110
38
78
110
38
78
110
36
75
110
34
75
108
35
73
105
33
72
102
33
70
93
31
68
87
28
64
79
26
61
73
24
59
68
24
62
68
27
63
68
27
59
62
27
56
56
24
48
46
17
40
37
11
35
32
8
33
27
7
30
24
5
32
24
6
34
25
9
32
25
11
31
24
12
29
19
9
23
13
3
24
11
2
22
10
1
24
11
4
27
15
5
36
25
11
27
18
0
38
33
7
47
43
15
36
30
7
35
32
10
37
34
10
30
29
5
29
28
3
27
29
5
24
28
6
24
28
6
25
31
9
29
35
12
33
37
12
31
36
9
38
40
14
40
42
18
39
38
18
30
26
9
17
10
0
13
3
0
17
7
1
20
7
4
19
5
5
19
5
5
18
4
2
18
5
0
17
7
1
22
12
4
24
14
6
23
13
3
25
16
5
24
15
4
24
15
4
24
15
2
29
0
0
26
0
0
1717198044
1778508098
1775469922
-1879043817
-1879026432
-1879030272
56
65
11
56
66
11
56
65
10
57
65
11
58
65
14
55
64
14
52
64
14
52
63
14
48
62
13
48
62
13
49
62
13
51
62
13
50
62
13
48
62
13
49
62
13
53
60
12
141
69
11
141
69
11
140
68
10
139
66
11
140
67
14
140
67
14
139
68
14
139
68
14
139
66
13
139
66
13
139
66
13
139
66
13
139
66
13
139
66
13
139
66
13
138
64
12
138
64
14
138
64
14
137
63
13
137
63
13
137
63
13
137
63
13
135
62
11
135
62
11
137
63
13
138
64
14
139
66
13
140
67
14
140
67
14
140
67
14
140
67
14
140
67
14
139
67
16
139
68
14
132
61
3
150
95
29
246
220
144
255
251
176
167
163
101
63
62
13
72
72
31
67
69
32
67
69
30
65
67
27
66
66
27
66
66
27
66
68
29
66
70
30
68
74
33
69
75
34
67
77
32
65
74
30
65
75
28
66
76
29
65
75
28
65
75
28
65
75
26
65
75
26
66
76
27
66
76
27
66
76
27
66
76
27
66
76
27
66
76
27
65
75
26
65
75
26
66
76
27
66
76
27
69
77
28
69
77
28
70
78
30
70
78
30
71
81
30
68
81
29
68
81
29
67
80
27
68
81
29
68
81
29
68
81
29
68
81
29
69
80
31
69
80
31
71
81
30
72
82
31
72
83
29
72
83
27
72
83
27
72
83
27
72
83
29
70
84
29
71
85
28
70
86
28
71
87
29
71
87
29
69
88
27
69
88
27
70
91
30
71
93
31
71
93
29
72
94
30
74
95
31
75
97
32
76
98
33
74
99
31
77
102
32
77
102
32
75
100
31
75
100
31
74
101
31
75
102
32
72
102
31
72
102
31
75
104
33
76
106
34
76
106
34
75
104
35
75
102
34
73
99
33
71
95
32
69
90
30
65
81
25
60
72
23
58
67
23
57
64
23
59
62
27
58
59
24
53
54
20
47
45
14
40
37
11
37
31
8
32
26
5
30
24
5
30
23
7
30
23
7
30
23
7
29
22
8
27
20
11
22
14
5
20
10
2
20
10
0
24
11
2
26
12
3
25
11
2
26
12
1
47
36
19
31
23
3
38
33
7
44
42
15
44
41
17
37
36
12
29
28
5
28
30
7
25
26
3
20
23
2
22
26
4
25
32
7
30
36
11
30
37
9
35
39
13
39
41
15
39
38
16
34
30
13
23
19
5
15
7
0
13
6
0
18
8
2
20
7
4
21
8
6
18
4
4
17
3
3
17
3
1
20
7
2
21
11
3
24
15
4
27
17
7
27
17
5
28
16
5
27
15
3
28
16
5
29
18
4
72
0
0
43
0
0
1629248414
2007625210
1770882352
-1879041976
-1879021312
-1879030016
48
33
8
52
29
6
55
28
1
51
28
1
56
31
0
60
32
0
60
31
0
62
31
0
65
30
0
70
28
0
72
29
0
69
28
0
61
26
0
47
27
1
48
26
1
47
26
1
141
69
11
142
70
12
140
67
12
140
67
14
139
66
13
140
67
14
141
68
15
141
68
15
139
66
13
139
66
13
139
66
13
139
66
13
139
66
13
139
66
13
139
66
13
139
66
13
139
65
15
138
64
14
137
63
13
137
63
13
137
63
13
137
63
13
135
62
11
135
62
11
137
63
13
138
64
14
139
66
13
140
67
14
141
68
15
141
68
15
141
68
15
141
68
15
142
69
16
140
69
13
128
58
0
169
117
48
255
234
158
255
249
176
116
114
56
55
55
10
59
61
22
61
63
26
66
68
31
65
66
29
69
68
32
69
68
32
65
66
29
59
61
24
59
62
25
63
69
31
66
73
32
65
74
32
65
74
30
67
77
32
66
75
31
66
76
29
67
77
28
67
77
28
68
79
30
68
79
30
68
79
30
68
79
30
67
79
30
67
79
30
68
79
30
68
79
30
69
80
31
69
80
29
67
78
26
69
80
29
71
81
30
68
81
29
70
84
29
69
84
29
70
86
30
70
86
30
70
86
30
70
86
30
70
86
30
70
86
30
70
85
32
70
85
32
70
86
30
70
86
30
70
84
27
70
84
25
70
84
25
70
84
25
70
86
26
70
86
26
69
88
27
70
90
28
72
91
30
71
93
29
74
95
31
73
97
32
75
100
35
75
100
33
77
101
34
77
101
34
77
101
34
79
104
36
79
104
34
75
102
32
75
103
30
74
102
29
73
100
27
73
100
29
73
100
29
72
99
28
71
101
29
70
100
28
70
97
29
73
97
32
73
97
32
74
95
33
68
89
29
67
85
29
62
80
26
60
75
25
57
66
20
56
63
22
55
59
23
53
54
22
49
47
18
41
38
12
36
34
5
36
31
5
32
27
3
29
23
2
26
20
2
29
22
6
29
22
8
30
23
9
27
20
7
23
15
4
18
8
0
18
8
2
21
9
2
22
10
1
22
7
0
29
13
2
30
11
1
29
13
0
46
33
17
40
29
10
39
34
10
39
39
14
31
31
6
26
28
2
24
25
2
23
27
3
22
26
4
22
26
4
24
30
5
28
34
9
28
34
7
33
37
10
36
40
14
39
38
16
30
26
9
20
13
2
13
6
0
15
4
0
16
5
2
22
9
7
20
5
3
17
1
0
18
4
2
17
3
1
19
6
1
22
10
3
23
13
3
25
16
3
28
18
6
28
19
4
32
20
6
31
19
5
32
21
4
33
22
5
202
0
0
63
0
0
1707499352
1861870890
1985711866
-1879047250
-1879031552
-1879021056
106
66
13
102
67
15
100
66
13
97
66
14
86
66
17
78
64
16
74
64
14
70
63
15
62
66
14
56
66
14
49
66
14
40
66
14
39
64
14
37
64
13
36
64
13
36
63
13
141
68
13
141
68
15
137
66
13
136
65
14
140
68
17
140
66
16
140
67
14
141
68
15
140
67
14
140
67
14
140
67
14
140
67
14
140
67
14
139
66
13
139
66
13
139
66
13
139
65
15
139
65
15
138
64
14
137
63
13
137
63
13
135
62
11
135
62
11
137
63
13
137
63
13
140
66
16
140
67
14
141
68
15
142
69
16
142
69
16
142
69
16
142
69
16
142
69
16
141
68
13
124
57
0
201
151
82
255
246
169
228
222
149
70
67
13
51
51
10
47
49
12
51
52
17
54
56
19
60
62
25
66
65
31
58
57
23
50
51
16
46
47
13
45
48
15
47
50
17
51
57
21
56
62
26
57
63
25
59
66
27
60
69
27
62
72
30
66
75
31
66
76
29
65
75
28
67
77
30
68
80
31
68
80
31
68
81
29
69
82
30
69
82
30
70
83
31
70
83
31
67
83
28
71
87
31
70
86
30
72
90
32
70
89
30
72
91
30
72
91
30
73
92
31
73
92
31
76
95
34
75
94
33
74
93
32
74
93
32
74
93
32
73
92
31
73
92
31
72
91
30
70
91
30
69
90
28
68
89
27
69
90
28
72
94
30
74
95
31
75
97
32
74
95
31
74
99
33
74
99
31
74
101
33
73
100
31
73
100
31
75
102
32
74
101
31
73
100
29
73
100
29
74
101
31
74
101
31
72
102
31
72
102
31
72
99
28
70
98
27
73
98
30
75
100
33
73
98
30
70
97
31
71
95
32
68
89
29
65
83
27
65
81
27
63
76
26
57
70
22
57
66
22
55
65
23
52
59
20
48
51
18
44
44
15
41
38
12
38
33
7
34
29
6
31
26
2
29
23
2
26
20
0
28
19
2
29
20
5
29
20
7
28
18
8
27
17
7
25
16
5
20
10
0
20
10
0
21
9
2
23
8
4
22
7
0
23
6
0
27
8
0
37
16
5
35
14
2
33
13
0
43
28
10
41
30
11
27
22
1
29
28
3
24
26
0
22
26
0
22
26
2
21
25
1
23
27
5
27
30
9
30
34
10
29
33
7
31
36
9
38
40
14
35
34
11
26
22
3
18
9
0
17
7
1
16
5
2
18
4
2
18
4
4
22
6
4
19
4
2
18
3
0
17
4
0
18
5
0
25
12
5
31
18
9
32
23
10
32
24
8
31
23
5
31
23
5
34
25
5
31
23
3
31
24
1
39
32
9
41
0
0
36
0
0
1705140020
2013261356
1987415688
-1879046876
-1879021568
-1879020800
63
69
95
65
69
98
63
68
104
65
66
108
69
67
112
72
67
115
70
68
115
65
68
112
55
66
109
51
66
108
50
66
101
50
66
89
50
66
80
40
66
79
41
66
72
47
64
66
140
67
14
137
66
13
136
65
12
135
64
11
139
68
14
141
68
15
140
67
14
141
65
13
140
67
14
140
67
14
140
67
14
140
67
14
139
66
13
139
66
13
139
66
13
138
64
12
139
65
15
139
65
15
139
65
15
138
64
14
138
64
14
137
63
13
137
63
13
138
64
14
137
63
13
140
66
16
140
67
14
141
68
15
142
69
16
142
69
16
142
69
16
142
69
16
144
71
16
141
68
13
132
65
3
211
160
93
255
245
170
233
221
150
98
93
40
51
48
8
56
55
19
46
47
13
52
53
19
54
55
21
54
52
21
48
46
15
44
45
13
45
46
14
42
45
15
42
45
15
44
46
16
44
50
16
48
53
19
49
54
21
52
58
22
53
62
22
54
63
24
58
67
25
60
69
27
62
72
28
63
75
30
63
75
30
63
75
28
63
75
28
63
76
26
63
76
26
66
78
28
66
82
29
72
88
34
70
89
32
72
90
32
70
91
32
72
94
32
72
94
32
74
95
33
74
95
33
75
96
34
76
97
35
77
98
37
78
100
38
75
96
34
75
96
34
75
96
34
75
96
34
73
97
34
72
96
33
72
96
33
72
96
33
72
96
31
73
97
32
75
100
35
75
100
35
74
99
33
73
99
33
73
99
33
73
99
33
73
100
31
72
99
30
69
96
28
72
99
30
72
99
30
74
100
35
75
102
36
74
100
35
74
100
35
75
100
35
76
97
35
75
96
34
72
93
34
73
91
35
68
86
30
63
81
27
59
71
21
57
66
20
58
65
22
58
64
26
59
62
27
52
55
22
46
49
16
44
44
15
39
36
12
37
31
10
33
27
7
32
26
5
30
22
4
30
22
4
29
22
4
26
20
4
28
19
4
28
18
6
27
17
7
25
16
5
24
14
6
20
10
2
18
9
0
20
8
0
23
8
2
24
7
2
24
7
0
28
9
0
32
11
0
41
18
5
42
17
5
39
16
1
43
26
9
43
30
11
26
20
0
25
24
2
25
26
3
22
26
2
21
27
2
22
28
3
26
30
5
30
34
10
30
34
10
34
36
12
38
39
16
31
30
10
22
18
1
19
12
0
18
8
0
19
6
3
18
4
4
18
4
4
20
4
5
18
2
1
20
5
1
20
6
0
22
10
1
31
18
9
33
21
9
34
22
10
30
21
6
28
19
2
28
20
0
31
24
1
34
26
3
36
29
4
45
38
13
57
50
23
28
0
0
98
0
0
1615092438
2002906786
1763804500
-1879040999
-1879022336
-1879030528
162
23
12
143
25
10
134
20
9
129
18
11
134
19
11
136
17
11
139
19
13
141
20
13
140
20
15
140
20
15
140
22
15
140
26
15
140
31
15
140
40
15
140
51
14
140
52
14
134
63
7
135
65
7
140
69
11
140
68
10
141
68
13
142
69
14
142
69
16
140
67
14
140
67
12
140
67
12
140
67
12
140
67
12
139
66
11
139
66
11
139
66
11
139
66
13
139
65
15
139
65
15
139
65
15
139
65
15
138
64
14
137
63
13
137
63
13
138
64
14
138
64
14
141
67
17
141
68
15
141
68
15
142
69
16
142
69
16
142
69
16
142
69
16
144
70
18
141
70
14
136
68
9
153
95
30
200
162
91
243
218
151
189
176
121
57
51
7
51
47
12
51
50
18
52
53
19
53
54
20
50
50
18
44
44
15
43
43
13
42
45
15
45
45
16
43
43
13
42
42
12
40
43
12
41
44
13
42
45
15
44
46
16
43
49
15
44
50
16
49
54
21
50
58
23
51
59
22
53
61
24
54
63
26
54
65
27
55
66
28
57
65
26
57
65
26
58
67
25
57
69
24
64
77
29
64
79
28
64
79
26
63
81
27
65
83
27
65
83
27
66
84
28
66
84
28
68
86
30
68
86
30
68
86
30
67
87
30
68
88
31
66
89
31
68
88
31
69
90
32
69
90
30
70
91
32
70
91
32
70
91
32
70
93
31
71
95
32
72
94
32
72
94
32
72
94
32
72
94
32
74
95
33
72
94
32
71
95
32
70
93
31
69
90
28
69
90
28
72
90
32
73
91
35
73
91
35
72
90
34
69
90
32
69
87
33
67
82
32
65
80
30
62
74
27
59
68
24
54
63
22
53
62
20
49
56
15
51
54
17
51
52
19
46
47
17
43
40
16
37
34
10
33
30
6
33
29
8
29
26
6
29
22
4
29
20
5
30
21
6
27
20
7
27
20
7
26
20
4
25
19
2
24
17
3
26
19
6
27
17
7
24
15
4
21
9
2
20
8
0
24
11
2
22
7
0
26
9
1
28
9
0
33
12
1
36
13
0
42
17
3
50
22
9
49
20
5
44
17
1
47
24
9
45
30
12
27
22
1
23
22
0
23
24
1
23
27
3
24
30
5
25
32
7
26
30
5
30
31
8
34
36
12
33
34
13
30
28
11
22
18
3
18
9
0
17
7
0
20
7
2
20
7
4
19
5
5
19
5
5
19
4
2
20
5
3
22
7
0
29
14
5
34
22
10
33
22
7
33
22
5
31
20
3
30
22
2
29
21
1
31
24
1
35
27
5
44
39
11
47
43
15
59
54
26
67
63
32
51
0
0
73
0
0
1675778420
1978789842
1861846556
-1879038671
-1879024384
-1879031552
137
60
88
138
57
91
138
58
94
138
58
98
137
48
102
137
39
106
137
32
112
135
47
110
135
87
108
135
135
102
135
173
97
135
236
91
135
233
82
134
168
79
134
92
77
134
57
72
162
109
56
143
91
36
134
77
21
129
67
13
134
68
13
136
67
13
139
68
14
141
70
14
140
67
12
140
67
12
140
67
12
140
67
12
140
67
12
140
67
12
140
67
12
140
67
14
139
66
13
139
65
15
139
65
15
139
65
15
139
65
15
138
64
14
138
64
14
139
65
15
138
64
14
141
67
17
141
68
15
141
68
15
142
69
16
142
69
16
142
69
16
142
69
16
141
70
16
141
70
16
136
68
11
130
67
7
125
72
8
177
137
75
222
197
141
121
108
63
36
28
0
54
50
19
52
53
21
53
54
22
50
50
18
46
47
17
42
45
15
42
45
15
44
44
15
44
42
15
44
42
15
44
44
17
45
45
18
44
44
17
44
44
17
43
43
13
38
40
10
38
40
10
35
40
9
37
42
13
38
43
14
39
46
17
43
50
20
46
53
24
46
53
24
51
56
27
54
59
27
52
60
25
53
61
24
53
64
24
52
63
20
54
66
21
52
67
21
52
67
21
53
68
22
53
68
22
55
69
23
55
69
23
53
68
22
53
68
20
53
70
21
54
71
22
55
72
23
55
72
23
61
79
27
62
80
28
63
81
30
62
80
28
63
81
30
62
80
28
62
80
28
60
77
26
59
76
25
59
76
25
60
75
25
60
75
25
58
73
23
58
73
23
56
71
20
55
68
18
53
65
18
53
65
18
50
62
17
48
60
15
49
61
16
47
59
14
47
56
15
51
57
19
49
53
17
48
51
18
47
50
17
45
47
17
42
42
12
39
36
10
35
32
8
30
27
5
29
22
4
27
21
5
26
22
5
25
20
4
26
20
4
26
20
4
25
18
5
25
18
5
23
16
2
22
18
3
23
19
2
26
22
5
29
22
8
26
19
6
23
13
3
18
9
0
21
9
2
24
9
3
25
11
2
27
10
0
30
11
0
35
14
0
40
15
1
43
16
0
50
21
4
58
29
12
51
19
3
48
19
1
48
24
7
49
32
15
30
22
2
23
22
0
24
25
4
27
30
9
27
31
7
23
27
3
28
30
7
35
34
11
31
30
10
27
23
6
20
13
2
15
5
0
18
5
0
21
8
4
17
4
0
17
4
0
17
3
1
18
2
3
17
1
0
20
5
1
29
14
7
34
20
9
32
20
6
31
20
3
29
19
0
31
20
1
32
25
2
38
31
6
46
39
14
51
46
20
55
51
23
56
54
23
62
60
29
68
66
35
117
0
0
90
0
0
1618107108
1988357312
1952284896
-1879040650
-1879020032
-1879023872
55
36
54
70
35
54
85
30
52
130
28
49
175
24
48
200
23
50
232
22
50
216
20
48
187
20
48
154
19
44
133
17
42
124
16
43
133
18
45
142
19
47
141
22
47
138
19
45
235
214
171
218
195
150
201
169
125
172
132
84
137
91
38
127
72
18
126
65
8
131
63
6
137
67
11
142
69
14
141
70
16
139
68
14
140
69
13
140
67
12
140
67
14
139
64
12
141
65
13
142
66
14
139
66
13
138
64
12
136
65
12
138
64
12
138
64
14
139
63
14
139
66
13
140
67
14
141
68
15
141
68
15
141
68
13
141
68
13
142
69
16
142
69
16
141
70
16
139
68
14
135
64
9
139
68
10
136
68
11
129
70
15
165
126
71
155
131
82
56
41
10
34
24
0
55
51
23
54
52
21
54
52
21
50
50
18
44
47
14
40
41
11
39
36
10
41
36
13
44
38
15
43
40
16
43
41
14
44
42
15
44
42
15
43
41
14
39
36
10
35
35
7
31
31
4
27
29
3
20
22
0
16
20
0
15
19
0
19
22
2
22
25
6
28
29
11
34
35
16
35
38
17
40
43
19
37
44
16
39
46
19
41
49
19
43
48
17
45
50
19
47
52
20
45
50
19
43
48
17
43
48
17
43
48
17
43
49
15
44
50
16
44
50
14
45
51
15
45
54
14
50
58
19
50
58
19
48
59
19
48
59
21
47
58
20
47
56
19
47
56
19
45
53
16
40
49
12
40
49
12
40
48
14
40
48
14
41
49
15
41
46
13
38
44
8
39
42
7
41
44
11
39
42
9
39
42
9
43
43
11
43
43
11
44
45
13
43
43
13
43
41
14
40
37
11
36
33
9
33
30
6
29
26
4
25
19
0
24
18
0
23
16
0
25
19
2
22
15
0
23
16
2
22
18
3
22
18
1
25
19
2
23
16
0
21
17
0
25
20
4
26
22
5
26
22
5
30
26
9
30
23
7
26
19
6
20
13
0
20
10
0
22
12
4
24
11
4
26
12
3
29
13
2
32
13
1
40
17
4
39
14
0
47
18
0
57
25
6
63
30
9
57
24
3
55
22
1
50
19
0
45
20
3
49
32
15
34
23
6
23
20
0
26
28
4
28
32
8
28
32
8
31
32
9
32
31
11
32
27
11
29
22
8
20
10
0
18
5
0
17
4
0
19
4
2
19
6
3
19
6
1
17
4
0
17
3
1
19
4
2
24
6
6
28
10
7
30
15
9
30
16
5
25
13
0
27
18
0
31
23
3
38
31
8
45
38
13
52
45
18
61
57
28
66
61
33
63
61
30
59
60
28
60
61
29
61
62
30
37
0
0
63
0
0
1667783114
1809441290
1766163960
-1879039447
-1879027456
-1879031040
140
156
111
140
168
111
139
185
111
138
203
109
138
196
107
137
173
102
137
143
98
137
104
97
135
76
92
135
61
93
135
66
85
135
67
77
135
68
70
135
67
69
135
66
64
134
64
52
159
156
118
173
168
129
199
185
147
224
203
163
223
196
151
208
173
124
184
143
91
154
104
50
131
76
24
121
61
11
130
66
13
133
67
12
139
68
14
140
67
14
139
66
13
139
64
12
139
64
12
142
66
14
140
67
14
138
64
12
137
66
13
137
66
13
139
65
15
141
64
15
139
66
13
139
66
13
140
67
14
141
68
15
141
68
13
141
69
11
141
68
13
141
68
15
140
69
15
140
69
15
141
70
14
141
68
13
143
67
15
135
69
16
118
68
12
110
74
25
91
66
34
41
27
2
39
32
5
43
41
12
41
39
10
42
40
11
40
41
11
39
40
10
40
37
11
41
36
13
41
36
13
40
35
12
42
38
12
41
36
11
41
36
13
42
37
14
40
37
11
40
37
11
40
37
13
36
35
10
32
31
9
24
25
4
19
20
1
16
16
0
11
11
0
14
11
0
11
9
0
12
12
0
16
16
0
19
20
1
23
23
5
25
26
7
28
29
9
31
32
11
34
35
14
35
37
14
39
40
17
39
40
17
40
42
18
41
43
19
42
41
16
42
41
16
42
45
17
44
46
18
42
45
17
41
45
17
41
45
17
41
45
17
42
44
19
42
44
19
44
45
20
41
43
17
41
43
17
41
43
17
41
43
19
41
43
19
44
43
21
43
42
19
42
41
18
40
40
17
40
40
17
38
38
13
37
34
10
36
33
9
37
31
8
36
30
9
32
26
5
29
23
2
25
19
0
25
19
0
25
19
0
22
15
0
23
16
2
23
16
2
20
13
0
22
15
1
23
16
2
20
13
0
19
15
0
22
18
1
26
20
2
29
22
4
33
29
10
33
29
10
34
30
11
33
29
10
33
27
11
27
18
2
22
13
0
22
12
2
22
12
2
26
13
6
26
12
3
27
10
0
33
14
2
40
17
2
44
19
2
51
23
3
60
27
7
67
32
9
63
28
6
57
22
0
56
23
2
50
19
0
43
16
0
47
27
11
34
23
6
22
19
0
23
24
3
31
32
9
34
36
12
32
31
9
27
23
6
25
18
7
21
11
1
18
5
0
19
4
0
19
4
2
19
3
4
19
6
3
17
7
1
18
5
0
19
4
2
18
2
1
26
8
5
28
11
5
29
14
5
27
16
1
30
22
4
38
30
10
49
41
19
48
43
20
55
51
23
61
57
28
62
58
28
61
59
28
57
57
25
60
61
31
61
62
32
62
65
34
14
0
0
24
0
0
1652316414
1804329432
1961590890
-1879037938
-1879027200
-1879023104
138
33
30
138
29
27
138
28
30
135
28
30
137
29
30
135
33
37
135
32
40
135
30
38
134
28
40
134
27
35
134
28
24
134
27
15
134
27
12
134
25
5
134
26
6
134
26
7
55
54
16
70
69
31
85
79
45
130
121
88
175
165
130
200
190
152
232
220
181
216
197
156
187
161
120
154
118
73
133
83
31
124
62
8
133
61
10
142
69
18
141
67
17
138
64
14
139
64
12
141
65
13
142
66
16
140
67
14
137
67
11
137
67
11
139
66
13
139
65
15
139
66
13
139
66
11
140
67
14
141
68
15
141
68
13
141
69
11
141
68
13
141
68
13
140
67
14
142
69
16
145
72
17
142
69
14
141
70
16
138
69
17
137
75
23
113
61
15
86
51
15
63
41
12
39
32
5
35
35
7
40
40
15
42
39
15
41
38
12
40
38
9
44
39
11
42
38
12
41
36
13
40
35
12
41
36
13
40
35
12
40
35
12
41
36
13
42
37
14
41
36
13
42
37
14
41
38
14
42
39
17
37
36
14
37
36
16
36
34
14
32
31
13
27
23
6
22
18
1
16
14
0
13
10
0
9
7
0
9
7
0
10
8
0
14
11
0
14
11
0
16
14
1
18
16
1
24
22
7
26
24
9
30
28
11
31
29
12
33
32
14
33
32
12
36
34
14
38
37
17
38
37
17
37
38
17
37
38
17
38
37
17
39
38
18
37
36
16
37
36
16
33
32
12
33
32
14
33
32
14
33
32
14
35
31
14
33
28
14
32
27
13
30
26
11
30
26
11
28
24
9
27
23
6
25
20
4
22
18
1
24
17
1
25
19
2
24
17
1
23
16
0
23
16
0
22
15
0
23
16
0
24
17
3
23
16
2
18
13
1
19
14
2
19
14
2
22
18
3
28
24
7
29
26
6
32
28
7
37
32
6
44
39
13
45
40
14
44
39
13
44
36
14
37
29
9
30
22
4
25
13
0
25
13
3
25
13
3
25
13
3
25
11
2
28
9
0
35
14
0
39
16
0
45
19
0
62
32
10
67
35
12
69
34
10
67
30
6
65
28
4
59
23
1
56
23
2
52
21
2
44
15
0
47
24
9
37
23
7
25
19
0
26
25
5
34
35
14
34
30
11
20
16
0
20
13
0
19
12
1
18
8
0
19
6
1
20
5
1
20
5
3
19
5
5
19
5
5
17
6
3
19
5
5
20
4
5
20
4
5
20
5
3
23
8
2
31
17
4
38
27
8
45
39
16
51
46
20
51
46
20
49
47
18
53
50
22
56
54
23
61
59
28
67
68
36
74
74
45
79
79
51
84
83
56
85
85
57
44
0
0
19
0
0
1612733106
1748362006
1760003094
-1879040476
-1879028992
-1879028736
29
57
0
33
55
0
32
54
0
31
51
0
32
53
2
33
50
1
33
49
1
37
45
1
36
38
1
38
36
1
47
35
2
59
53
0
64
106
0
59
165
0
54
233
1
50
246
10
51
48
8
47
44
6
50
44
10
50
44
10
49
46
13
70
69
35
117
115
82
161
158
123
202
194
158
214
196
156
219
188
140
194
150
97
142
88
31
131
70
13
135
69
14
141
70
16
140
67
14
142
66
14
142
66
16
142
66
14
140
67
12
140
67
12
140
67
14
140
66
16
139
66
13
139
66
11
139
66
13
140
67
12
141
69
11
141
69
11
141
68
13
141
68
13
141
68
13
142
69
14
143
67
13
142
69
14
141
70
14
141
70
16
142
73
21
134
72
24
110
62
22
69
36
2
46
30
1
41
33
8
40
34
14
39
35
14
41
36
11
41
37
9
41
37
9
41
36
11
41
36
11
41
36
13
41
36
13
42
37
14
42
37
14
41
36
13
41
36
13
41
36
13
42
37
14
42
37
14
40
37
13
41
38
16
40
36
15
41
38
16
41
38
16
42
39
17
40
36
17
37
34
14
34
30
13
29
27
11
24
22
7
22
19
7
18
16
3
16
13
3
16
14
1
17
15
2
15
12
0
14
11
0
14
12
0
13
10
0
13
10
0
14
12
0
16
14
0
18
16
1
23
21
6
23
21
6
23
21
6
23
21
6
25
20
6
23
19
5
23
19
5
21
17
2
21
17
2
21
16
4
21
16
4
21
16
4
23
15
4
23
15
4
22
14
3
22
14
3
21
16
4
22
17
5
22
18
3
21
17
2
22
15
1
23
16
2
22
15
1
20
13
0
22
15
1
23
16
2
24
17
3
23
16
2
25
20
6
26
21
7
28
24
9
32
27
11
37
31
12
44
38
17
42
37
14
46
41
13
49
42
13
53
44
13
55
46
15
54
43
15
48
36
13
36
23
2
30
16
0
31
17
4
27
13
4
25
11
2
26
9
0
30
11
0
36
13
0
40
16
0
49
20
1
62
32
8
76
41
17
78
41
15
71
34
8
67
30
4
65
28
4
64
27
3
57
22
0
56
22
4
44
12
0
49
24
10
40
27
11
27
21
3
33
32
14
36
34
16
25
20
4
22
15
0
20
13
0
20
10
2
18
5
0
19
6
1
22
6
4
22
6
4
19
6
3
18
4
4
16
5
4
20
6
6
20
6
6
22
6
4
23
8
2
31
17
6
42
31
14
48
40
17
48
43
18
48
45
19
56
53
27
64
62
35
71
69
40
73
73
44
77
77
47
73
73
46
64
63
38
60
59
37
53
49
28
42
39
17
31
0
0
4
0
0
1664375206
1788862668
1781760578
-1879038938
-1879025664
-1879026176
134
51
4
135
49
3
140
49
5
140
47
2
141
48
5
142
46
4
142
42
4
140
42
4
140
40
4
140
40
3
140
41
3
140
40
0
139
39
1
139
40
0
139
43
0
139
50
0
71
60
18
69
57
16
70
58
17
70
58
19
58
48
10
47
39
3
40
32
0
53
47
15
93
87
53
141
135
98
182
173
133
251
236
187
254
233
165
202
168
95
142
92
24
120
57
0
137
67
11
144
68
16
143
67
15
143
67
15
144
68
16
141
68
15
140
66
16
140
66
16
140
67
14
139
66
11
139
66
11
139
66
11
141
69
11
141
69
11
141
68
13
141
68
13
140
69
13
142
70
12
144
69
12
144
69
12
142
70
12
142
69
14
142
69
14
139
70
18
136
73
26
107
57
17
59
28
0
46
28
2
46
34
13
42
34
14
43
36
11
42
34
10
41
36
11
40
35
10
42
38
12
41
36
11
41
36
11
41
36
11
41
36
11
41
36
11
41
36
13
42
37
14
42
37
14
42
37
14
42
37
14
42
37
14
42
37
14
42
38
12
41
36
11
41
36
11
41
36
13
41
36
13
44
38
17
42
39
17
40
36
15
36
33
13
33
29
12
28
24
7
25
20
6
22
18
3
22
18
3
18
13
0
18
13
1
16
12
0
14
9
0
14
9
0
14
9
0
14
9
0
11
5
0
11
5
0
12
6
0
12
6
0
13
10
0
11
8
0
13
10
0
14
11
0
17
14
4
21
18
7
19
17
6
21
16
6
20
15
5
20
15
5
21
16
4
19
14
2
21
17
2
19
17
2
19
17
2
21
17
0
23
19
2
23
19
2
25
20
4
26
22
5
27
23
6
29
25
8
30
26
9
29
25
8
32
26
7
33
27
9
38
32
11
47
42
19
49
41
17
53
47
17
52
46
14
56
48
14
59
47
12
63
48
15
63
48
17
56
40
14
47
30
8
38
20
3
31
15
2
30
14
3
30
11
1
28
10
0
33
13
0
39
14
0
46
17
0
55
25
3
73
38
13
74
37
11
79
41
13
82
41
14
81
40
13
73
34
9
67
30
4
65
28
4
62
27
5
57
24
3
48
17
0
47
22
8
45
32
16
38
32
13
28
29
11
23
23
5
21
17
0
25
18
5
22
12
2
19
6
0
18
5
0
20
5
1
22
6
4
22
6
4
20
7
4
18
4
2
18
4
4
18
4
2
19
6
1
22
10
1
27
16
1
41
30
13
53
43
21
52
44
22
58
52
29
67
62
38
72
66
43
66
60
37
56
51
30
47
43
22
39
35
14
33
29
10
28
24
7
25
20
6
22
20
5
19
17
2
69
0
0
45
0
0
1719819284
1973678048
1784120038
-1879042750
-1879024128
-1879026688
134
62
19
134
62
16
134
62
16
134
62
13
133
61
14
133
61
13
132
60
12
132
60
11
133
61
5
133
59
4
132
59
4
132
58
20
130
58
65
130
58
115
130
58
172
130
58
179
67
51
11
67
51
11
70
54
11
68
52
10
62
50
11
59
49
11
53
42
10
42
34
2
39
35
2
43
42
8
80
81
47
149
149
106
227
224
161
255
247
177
250
220
151
180
136
71
130
74
13
130
64
6
143
73
17
139
66
13
138
62
11
142
66
16
141
67
17
140
67
14
140
67
12
140
67
12
139
66
11
139
66
11
141
69
11
141
69
11
141
68
13
141
68
13
140
69
13
141
70
14
142
69
14
144
69
14
144
69
14
144
69
12
144
69
12
142
69
14
140
68
17
133
72
27
105
61
21
60
29
0
44
23
0
41
26
6
42
32
10
44
36
14
41
36
13
42
38
12
40
36
8
41
37
9
41
37
9
41
37
9
41
36
11
41
36
11
40
35
10
41
36
13
41
36
13
40
35
12
41
36
11
41
36
11
41
36
11
41
36
11
41
36
11
41
36
11
41
36
11
41
36
11
41
36
13
42
37
14
40
37
13
39
36
12
40
36
15
37
34
14
35
31
12
34
30
11
29
25
8
28
24
7
23
19
5
21
17
2
20
15
1
19
14
2
19
14
2
20
15
5
21
16
6
18
15
5
18
15
5
17
14
4
16
13
3
16
13
3
14
11
0
13
10
0
15
12
0
18
16
1
18
16
1
21
19
3
22
20
5
23
21
6
25
24
6
29
27
9
30
28
11
36
34
16
35
33
15
35
33
13
37
34
14
37
34
12
36
33
13
33
29
10
34
30
11
32
28
7
32
28
7
32
28
7
38
32
9
45
38
13
52
45
18
55
48
18
55
46
15
60
49
17
62
52
17
66
54
19
66
51
17
65
47
17
61
40
13
52
31
7
42
22
3
35
14
0
30
11
0
28
10
0
30
9
0
36
14
0
42
15
0
47
18
0
62
29
8
73
36
12
76
37
11
75
34
7
77
33
5
82
39
11
81
40
13
72
34
6
66
29
3
64
27
3
61
26
1
57
24
3
48
17
0
46
21
5
48
32
15
36
29
11
23
21
4
20
21
2
23
19
5
23
16
2
24
11
2
20
8
0
20
5
1
20
5
1
22
6
4
23
8
4
20
7
2
17
4
0
20
7
2
20
7
2
25
12
5
32
20
8
39
28
11
48
37
18
56
48
26
59
53
32
59
53
34
48
42
24
38
32
13
29
26
6
27
23
6
26
22
5
23
19
2
21
17
2
21
16
4
16
14
1
14
11
0
10
8
0
55
0
0
16
0
0
1649301712
1770906590
1958186950
-1879038157
-1879030016
-1879022592
159
33
1
173
29
3
199
28
0
224
28
0
223
28
1
208
28
0
184
27
0
154
28
1
131
28
1
121
27
0
130
28
0
133
29
1
139
29
4
140
29
10
139
30
21
139
30
19
71
57
19
69
55
16
71
54
16
67
51
13
65
53
14
60
50
13
55
49
12
51
45
11
41
38
5
40
36
4
39
35
4
56
53
20
106
106
65
166
165
115
239
233
172
255
246
179
233
203
131
149
106
34
124
63
2
135
64
9
137
64
9
142
66
14
142
69
16
140
67
14
140
67
12
140
67
12
140
67
12
139
66
11
141
69
11
141
69
11
141
69
11
141
68
13
140
69
13
141
70
16
141
70
16
142
69
16
142
69
16
142
69
14
142
69
14
142
69
14
141
68
15
137
68
16
136
76
28
110
62
22
63
26
0
38
12
0
38
23
3
42
34
14
41
36
11
42
38
10
40
36
8
41
37
9
41
36
11
41
36
11
41
36
11
41
36
11
40
37
11
41
38
12
41
38
12
40
37
11
40
37
11
40
37
11
41
36
11
41
36
11
40
35
10
40
35
12
40
35
12
40
35
12
39
36
12
40
37
13
39
36
12
37
34
10
36
35
10
35
34
11
35
34
11
35
34
11
36
35
12
36
35
12
32
31
9
29
28
5
32
28
7
28
24
5
23
21
4
21
19
1
19
18
0
17
17
0
17
17
0
16
16
0
18
18
2
20
21
5
19
20
1
23
24
3
33
35
11
38
40
14
39
41
15
42
45
17
42
47
18
44
49
20
45
47
21
44
45
20
44
45
22
42
44
21
41
43
19
38
37
15
32
32
7
30
29
5
29
29
1
30
30
3
33
33
6
36
36
6
42
42
12
47
45
14
53
47
15
57
49
15
60
52
16
61
51
16
63
51
14
64
52
15
66
51
17
63
48
17
59
41
13
53
35
9
46
27
4
42
22
3
39
16
1
34
11
0
32
12
0
34
11
0
36
14
0
46
20
1
53
22
1
63
28
6
72
33
10
75
32
8
78
32
7
76
30
2
78
35
6
79
36
7
79
37
10
72
34
6
66
29
3
65
28
4
63
25
1
61
26
4
53
22
3
46
22
3
48
33
13
39
31
11
26
22
3
22
18
1
25
20
6
24
15
2
24
11
2
23
8
2
22
6
2
20
5
1
24
9
5
22
6
2
19
6
0
21
9
0
21
9
0
25
13
3
28
16
7
35
23
11
39
27
13
40
29
12
36
27
10
31
24
8
23
19
5
18
13
0
19
14
0
18
16
1
16
14
1
15
12
0
13
10
0
10
8
0
13
10
0
11
11
0
13
14
0
13
14
0
66
0
0
71
0
0
1689673256
1760027428
1778483892
-1879045310
-1879028736
-1879026432
41
63
8
40
64
6
40
64
10
37
64
10
40
63
13
39
63
35
39
63
82
37
62
123
36
62
158
34
62
156
32
62
140
29
62
97
29
62
31
29
60
13
29
60
14
29
60
16
67
55
18
69
55
16
72
55
18
67
51
13
65
53
16
62
53
15
55
49
12
50
45
8
45
41
6
42
39
6
45
39
9
44
39
9
40
38
9
54
56
19
107
111
59
202
201
138
255
250
176
252
225
150
169
123
55
123
63
0
137
69
12
142
69
14
142
69
14
141
68
13
140
67
12
140
67
12
140
67
12
140
67
12
141
69
11
141
69
9
141
69
11
141
69
11
141
68
13
141
70
16
141
70
16
141
70
16
142
69
16
142
69
14
142
69
14
142
69
14
141
68
13
141
68
15
139
71
16
136
76
28
114
64
26
65
27
0
40
17
0
43
28
6
42
32
8
41
34
6
42
38
10
41
37
9
41
36
11
41
36
11
41
36
11
41
36
11
41
39
10
42
40
11
42
40
11
41
38
12
41
38
12
41
38
12
41
38
12
42
38
12
42
38
12
42
37
14
42
37
14
41
38
12
42
40
13
44
42
15
46
43
17
44
44
17
43
43
15
41
43
15
42
45
17
44
46
18
42
45
17
39
41
13
40
42
14
40
43
12
43
43
13
45
45
18
42
44
19
39
41
15
37
42
15
37
42
15
38
43
16
38
43
16
38
42
18
36
40
16
31
36
9
38
43
14
54
59
27
56
61
30
54
59
25
54
59
23
53
61
26
50
58
23
40
48
14
38
45
13
34
39
8
34
38
10
31
36
7
34
37
6
40
43
10
42
45
13
47
50
15
51
52
17
56
57
20
56
57
20
58
57
21
59
56
18
62
56
19
63
56
17
65
55
17
65
55
17
64
51
17
61
46
14
56
40
12
50
31
6
42
23
0
39
20
0
37
17
0
40
17
0
36
14
0
37
12
0
41
16
2
44
17
1
53
24
4
64
31
8
72
35
9
71
32
4
74
31
2
78
33
5
80
32
3
76
31
0
76
31
0
79
36
5
80
39
9
73
35
7
69
30
4
67
30
6
66
27
2
65
28
4
58
25
2
51
23
1
51
30
10
49
34
14
35
26
9
22
15
0
23
16
0
25
16
3
24
11
2
24
9
1
23
8
2
20
5
1
22
6
2
22
7
0
21
9
0
22
10
1
26
14
4
29
18
6
32
20
8
31
19
7
27
15
3
21
11
0
17
8
0
16
9
0
13
8
0
13
10
0
10
8
0
13
10
0
10
8
0
11
11
0
14
14
1
19
19
3
25
26
7
25
26
7
30
30
12
31
31
13
5
0
0
31
0
0
1702518780
1947201372
1751745772
-1879047928
-1879023616
-1879029504
134
61
42
134
62
40
134
58
37
134
58
35
133
62
28
133
65
22
133
63
17
133
58
15
133
49
11
133
46
8
132
43
2
132
43
0
132
43
0
132
32
0
132
35
0
132
44
2
71
57
19
70
56
18
70
56
18
68
54
15
67
52
16
63
51
14
59
49
13
56
48
12
49
43
6
41
38
3
43
37
5
